0 0.07421875 0.3338557993730407 0.09531250000000001 0.2727272727272727
0 0.153125 0.5007836990595611 0.253125 0.5344827586206896
0 0.08359375000000001 0.8910658307210031 0.1015625 0.1896551724137931
0 0.3640625 0.3275862068965517 0.125 0.3322884012539185
0 0.22578125000000002 0.280564263322884 0.051562500000000004 0.10658307210031348
0 0.48359375000000004 0.4788401253918495 0.0859375 0.23040752351097177
0 0.60859375 0.3134796238244514 0.1328125 0.23824451410658307
0 0.48750000000000004 0.2993730407523511 0.07187500000000001 0.13166144200626959
0 0.73359375 0.27664576802507834 0.051562500000000004 0.0768025078369906
0 0.9546875 0.4020376175548589 0.084375 0.23040752351097177
0 0.76875 0.6606583072100313 0.421875 0.615987460815047
